cam0:
  cam_overlaps: []
  camera_model: pinhole
  distortion_coeffs:
  - 0.013295425507661506
  - -0.005454612658198516
  - 0.0021425455429139786
  - -0.0011915020580492352
  distortion_model: radtan
  intrinsics:
  - 154.90499390532042
  - 154.86679846964188
  - 179.05197496325223
  - 125.44241715191616
  resolution:
  - 346
  - 260
  rostopic: /dvs/image_raw
